1.000000e-04 4.258653e+02
1.013925e-04 4.315605e+02
1.028045e-04 4.373318e+02
1.042361e-04 4.431802e+02
1.056876e-04 4.491067e+02
1.071593e-04 4.551123e+02
1.086516e-04 4.611982e+02
1.101646e-04 4.673654e+02
1.116987e-04 4.736149e+02
1.132541e-04 4.799479e+02
1.148312e-04 4.863654e+02
1.164303e-04 4.928687e+02
1.180517e-04 4.994588e+02
1.196956e-04 5.061368e+02
1.213624e-04 5.129041e+02
1.230524e-04 5.197616e+02
1.247660e-04 5.267107e+02
1.265034e-04 5.337526e+02
1.282650e-04 5.408885e+02
1.300511e-04 5.481196e+02
1.318621e-04 5.554472e+02
1.336984e-04 5.628725e+02
1.355602e-04 5.703970e+02
1.374479e-04 5.780219e+02
1.393619e-04 5.857484e+02
1.413026e-04 5.935781e+02
1.432703e-04 6.015121e+02
1.452654e-04 6.095521e+02
1.472883e-04 6.176992e+02
1.493393e-04 6.259550e+02
1.514189e-04 6.343209e+02
1.535275e-04 6.427983e+02
1.556654e-04 6.513887e+02
1.578331e-04 6.600937e+02
1.600310e-04 6.689147e+02
1.622595e-04 6.778533e+02
1.645191e-04 6.869110e+02
1.668101e-04 6.960893e+02
1.691330e-04 7.053900e+02
1.714882e-04 7.148145e+02
1.738762e-04 7.243646e+02
1.762975e-04 7.340419e+02
1.787526e-04 7.438480e+02
1.812418e-04 7.537848e+02
1.837656e-04 7.638538e+02
1.863246e-04 7.740568e+02
1.889193e-04 7.843957e+02
1.915501e-04 7.948721e+02
1.942175e-04 8.054879e+02
1.969220e-04 8.162450e+02
1.996642e-04 8.271452e+02
2.024447e-04 8.381903e+02
2.052638e-04 8.493823e+02
2.081222e-04 8.607231e+02
2.110203e-04 8.722147e+02
2.139589e-04 8.838590e+02
2.169384e-04 8.956580e+02
2.199593e-04 9.076138e+02
2.230223e-04 9.197284e+02
2.261280e-04 9.320039e+02
2.292769e-04 9.444424e+02
2.324697e-04 9.570460e+02
2.357069e-04 9.698169e+02
2.389893e-04 9.827572e+02
2.423173e-04 9.958693e+02
2.456916e-04 1.009155e+03
2.491130e-04 1.022617e+03
2.525820e-04 1.036258e+03
2.560993e-04 1.050079e+03
2.596656e-04 1.064084e+03
2.632815e-04 1.078274e+03
2.669478e-04 1.092652e+03
2.706652e-04 1.107220e+03
2.744343e-04 1.121981e+03
2.782559e-04 1.136938e+03
2.821308e-04 1.152092e+03
2.860596e-04 1.167447e+03
2.900430e-04 1.183005e+03
2.940820e-04 1.198768e+03
2.981772e-04 1.214740e+03
3.023295e-04 1.230922e+03
3.065395e-04 1.247319e+03
3.108082e-04 1.263931e+03
3.151363e-04 1.280763e+03
3.195248e-04 1.297817e+03
3.239743e-04 1.315096e+03
3.284857e-04 1.332602e+03
3.330600e-04 1.350339e+03
3.376980e-04 1.368310e+03
3.424006e-04 1.386517e+03
3.471687e-04 1.404964e+03
3.520031e-04 1.423653e+03
3.569049e-04 1.442588e+03
3.618750e-04 1.461772e+03
3.669142e-04 1.481208e+03
3.720237e-04 1.500899e+03
3.772042e-04 1.520849e+03
3.824570e-04 1.541060e+03
3.877828e-04 1.561536e+03
3.931829e-04 1.582280e+03
3.986581e-04 1.603296e+03
4.042096e-04 1.624587e+03
4.098384e-04 1.646157e+03
4.155455e-04 1.668008e+03
4.213322e-04 1.690145e+03
4.271994e-04 1.712572e+03
4.331483e-04 1.735290e+03
4.391801e-04 1.758305e+03
4.452959e-04 1.781621e+03
4.514968e-04 1.805239e+03
4.577841e-04 1.829166e+03
4.641589e-04 1.853403e+03
4.706225e-04 1.877955e+03
4.771761e-04 1.902827e+03
4.838210e-04 1.928021e+03
4.905584e-04 1.953542e+03
4.973896e-04 1.979394e+03
5.043159e-04 2.005581e+03
5.113388e-04 2.032107e+03
5.184594e-04 2.058976e+03
5.256791e-04 2.086192e+03
5.329994e-04 2.113759e+03
5.404216e-04 2.141682e+03
5.479472e-04 2.169965e+03
5.555776e-04 2.198612e+03
5.633143e-04 2.227628e+03
5.711586e-04 2.257017e+03
5.791123e-04 2.286783e+03
5.871766e-04 2.316931e+03
5.953533e-04 2.347466e+03
6.036439e-04 2.378392e+03
6.120498e-04 2.409713e+03
6.205729e-04 2.441434e+03
6.292146e-04 2.473561e+03
6.379767e-04 2.506097e+03
6.468608e-04 2.539048e+03
6.558686e-04 2.572417e+03
6.650018e-04 2.606212e+03
6.742622e-04 2.640435e+03
6.836516e-04 2.675092e+03
6.931717e-04 2.710189e+03
7.028244e-04 2.745729e+03
7.126115e-04 2.781718e+03
7.225349e-04 2.818162e+03
7.325965e-04 2.855065e+03
7.427982e-04 2.892432e+03
7.531420e-04 2.930269e+03
7.636298e-04 2.968581e+03
7.742637e-04 3.007373e+03
7.850456e-04 3.046651e+03
7.959777e-04 3.086420e+03
8.070620e-04 3.126685e+03
8.183007e-04 3.167452e+03
8.296959e-04 3.208727e+03
8.412497e-04 3.250514e+03
8.529644e-04 3.292820e+03
8.648423e-04 3.335649e+03
8.768856e-04 3.379009e+03
8.890966e-04 3.422903e+03
9.014776e-04 3.467338e+03
9.140311e-04 3.512320e+03
9.267593e-04 3.557855e+03
9.396648e-04 3.603947e+03
9.527500e-04 3.650603e+03
9.660175e-04 3.697829e+03
9.794697e-04 3.745630e+03
9.931092e-04 3.794012e+03
1.006939e-03 3.842982e+03
1.020961e-03 3.892545e+03
1.035178e-03 3.942707e+03
1.049593e-03 3.993474e+03
1.064209e-03 4.044851e+03
1.079029e-03 4.096846e+03
1.094055e-03 4.149463e+03
1.109290e-03 4.202709e+03
1.124737e-03 4.256590e+03
1.140400e-03 4.311112e+03
1.156280e-03 4.366280e+03
1.172382e-03 4.422102e+03
1.188708e-03 4.478582e+03
1.205261e-03 4.535726e+03
1.222045e-03 4.593542e+03
1.239062e-03 4.652034e+03
1.256317e-03 4.711208e+03
1.273811e-03 4.771072e+03
1.291550e-03 4.831629e+03
1.309535e-03 4.892888e+03
1.327771e-03 4.954853e+03
1.346261e-03 5.017530e+03
1.365008e-03 5.080926e+03
1.384016e-03 5.145045e+03
1.403289e-03 5.209895e+03
1.422830e-03 5.275481e+03
1.442644e-03 5.341807e+03
1.462733e-03 5.408881e+03
1.483103e-03 5.476708e+03
1.503755e-03 5.545294e+03
1.524696e-03 5.614644e+03
1.545928e-03 5.684763e+03
1.567455e-03 5.755657e+03
1.589283e-03 5.827332e+03
1.611414e-03 5.899792e+03
1.633854e-03 5.973044e+03
1.656606e-03 6.047092e+03
1.679675e-03 6.121941e+03
1.703065e-03 6.197597e+03
1.726781e-03 6.274064e+03
1.750827e-03 6.351348e+03
1.775208e-03 6.429452e+03
1.799929e-03 6.508382e+03
1.824993e-03 6.588143e+03
1.850407e-03 6.668738e+03
1.876175e-03 6.750173e+03
1.902301e-03 6.832451e+03
1.928792e-03 6.915576e+03
1.955651e-03 6.999553e+03
1.982884e-03 7.084385e+03
2.010496e-03 7.170077e+03
2.038493e-03 7.256632e+03
2.066880e-03 7.344052e+03
2.095662e-03 7.432342e+03
2.124845e-03 7.521505e+03
2.154435e-03 7.611543e+03
2.184436e-03 7.702459e+03
2.214855e-03 7.794256e+03
2.245698e-03 7.886936e+03
2.276970e-03 7.980502e+03
2.308678e-03 8.074955e+03
2.340827e-03 8.170298e+03
2.373424e-03 8.266532e+03
2.406475e-03 8.363659e+03
2.439986e-03 8.461681e+03
2.473964e-03 8.560597e+03
2.508415e-03 8.660409e+03
2.543346e-03 8.761118e+03
2.578763e-03 8.862724e+03
2.614673e-03 8.965226e+03
2.651084e-03 9.068625e+03
2.688001e-03 9.172920e+03
2.725433e-03 9.278111e+03
2.763385e-03 9.384196e+03
2.801867e-03 9.491174e+03
2.840884e-03 9.599044e+03
2.880444e-03 9.707804e+03
2.920556e-03 9.817451e+03
2.961225e-03 9.927983e+03
3.002462e-03 1.003940e+04
3.044272e-03 1.015169e+04
3.086665e-03 1.026486e+04
3.129648e-03 1.037890e+04
3.173230e-03 1.049381e+04
3.217418e-03 1.060959e+04
3.262222e-03 1.072622e+04
3.307650e-03 1.084370e+04
3.353710e-03 1.096203e+04
3.400412e-03 1.108121e+04
3.447764e-03 1.120122e+04
3.495776e-03 1.132205e+04
3.544456e-03 1.144371e+04
3.593814e-03 1.156617e+04
3.643859e-03 1.168945e+04
3.694601e-03 1.181351e+04
3.746050e-03 1.193837e+04
3.798215e-03 1.206400e+04
3.851107e-03 1.219039e+04
3.904735e-03 1.231755e+04
3.959110e-03 1.244544e+04
4.014242e-03 1.257407e+04
4.070142e-03 1.270342e+04
4.126821e-03 1.283347e+04
4.184289e-03 1.296422e+04
4.242556e-03 1.309565e+04
4.301636e-03 1.322774e+04
4.361538e-03 1.336048e+04
4.422274e-03 1.349386e+04
4.483856e-03 1.362785e+04
4.546295e-03 1.376245e+04
4.609604e-03 1.389762e+04
4.673795e-03 1.403336e+04
4.738880e-03 1.416965e+04
4.804870e-03 1.430647e+04
4.871780e-03 1.444379e+04
4.939622e-03 1.458160e+04
5.008408e-03 1.471987e+04
5.078152e-03 1.485858e+04
5.148867e-03 1.499771e+04
5.220568e-03 1.513723e+04
5.293266e-03 1.527711e+04
5.366977e-03 1.541733e+04
5.441714e-03 1.555787e+04
5.517492e-03 1.569869e+04
5.594326e-03 1.583978e+04
5.672229e-03 1.598111e+04
5.751217e-03 1.612265e+04
5.831305e-03 1.626438e+04
5.912508e-03 1.640626e+04
5.994843e-03 1.654828e+04
6.078323e-03 1.669040e+04
6.162966e-03 1.683257e+04
6.248788e-03 1.697474e+04
6.335805e-03 1.711689e+04
6.424034e-03 1.725896e+04
6.513491e-03 1.740091e+04
6.604194e-03 1.754269e+04
6.696160e-03 1.768426e+04
6.789407e-03 1.782559e+04
6.883952e-03 1.796663e+04
6.979814e-03 1.810734e+04
7.077011e-03 1.824767e+04
7.175561e-03 1.838759e+04
7.275484e-03 1.852705e+04
7.376798e-03 1.866600e+04
7.479523e-03 1.880441e+04
7.583678e-03 1.894222e+04
7.689284e-03 1.907939e+04
7.796360e-03 1.921588e+04
7.904928e-03 1.935164e+04
8.015007e-03 1.948663e+04
8.126619e-03 1.962078e+04
8.239786e-03 1.975405e+04
8.354528e-03 1.988637e+04
8.470868e-03 2.001769e+04
8.588829e-03 2.014795e+04
8.708431e-03 2.027709e+04
8.829700e-03 2.040505e+04
8.952657e-03 2.053176e+04
9.077327e-03 2.065717e+04
9.203732e-03 2.078121e+04
9.331898e-03 2.090380e+04
9.461848e-03 2.102489e+04
9.593608e-03 2.114441e+04
9.727203e-03 2.126228e+04
9.862658e-03 2.137844e+04
1.000000e-02 2.149283e+04
1.013925e-02 2.160536e+04
1.028045e-02 2.171596e+04
1.042361e-02 2.182456e+04
1.056876e-02 2.193109e+04
1.071593e-02 2.203548e+04
1.086516e-02 2.213764e+04
1.101646e-02 2.223750e+04
1.116987e-02 2.233499e+04
1.132541e-02 2.243003e+04
1.148312e-02 2.252253e+04
1.164303e-02 2.261242e+04
1.180517e-02 2.269963e+04
1.196956e-02 2.278407e+04
1.213624e-02 2.286566e+04
1.230524e-02 2.294432e+04
1.247660e-02 2.301996e+04
1.265034e-02 2.309249e+04
1.282650e-02 2.316184e+04
1.300511e-02 2.322791e+04
1.318621e-02 2.329064e+04
1.336984e-02 2.334992e+04
1.355602e-02 2.340568e+04
1.374479e-02 2.345783e+04
1.393619e-02 2.350629e+04
1.413026e-02 2.355096e+04
1.432703e-02 2.359178e+04
1.452654e-02 2.362865e+04
1.472883e-02 2.366150e+04
1.493393e-02 2.369025e+04
1.514189e-02 2.371480e+04
1.535275e-02 2.373508e+04
1.556654e-02 2.375102e+04
1.578331e-02 2.376252e+04
1.600310e-02 2.376953e+04
1.622595e-02 2.377197e+04
1.645191e-02 2.376976e+04
1.668101e-02 2.376283e+04
1.691330e-02 2.375111e+04
1.714882e-02 2.373454e+04
1.738762e-02 2.371306e+04
1.762975e-02 2.368660e+04
1.787526e-02 2.365511e+04
1.812418e-02 2.361854e+04
1.837656e-02 2.357683e+04
1.863246e-02 2.352994e+04
1.889193e-02 2.347784e+04
1.915501e-02 2.342047e+04
1.942175e-02 2.335780e+04
1.969220e-02 2.328982e+04
1.996642e-02 2.321649e+04
2.024447e-02 2.313780e+04
2.052638e-02 2.305374e+04
2.081222e-02 2.296431e+04
2.110203e-02 2.286950e+04
2.139589e-02 2.276932e+04
2.169384e-02 2.266378e+04
2.199593e-02 2.255290e+04
2.230223e-02 2.243672e+04
2.261280e-02 2.231528e+04
2.292769e-02 2.218862e+04
2.324697e-02 2.205680e+04
2.357069e-02 2.191986e+04
2.389893e-02 2.177787e+04
2.423173e-02 2.163091e+04
2.456916e-02 2.147908e+04
2.491130e-02 2.132249e+04
2.525820e-02 2.116124e+04
2.560993e-02 2.099545e+04
2.596656e-02 2.082523e+04
2.632815e-02 2.065070e+04
2.669478e-02 2.047201e+04
2.706652e-02 2.028933e+04
2.744343e-02 2.010283e+04
2.782559e-02 1.991271e+04
2.821308e-02 1.971913e+04
2.860596e-02 1.952228e+04
2.900430e-02 1.932233e+04
2.940820e-02 1.911948e+04
2.981772e-02 1.891399e+04
3.023295e-02 1.870610e+04
3.065395e-02 1.849607e+04
3.108082e-02 1.828414e+04
3.151363e-02 1.807053e+04
3.195248e-02 1.785549e+04
3.239743e-02 1.763925e+04
3.284857e-02 1.742210e+04
3.330600e-02 1.720434e+04
3.376980e-02 1.698624e+04
3.424006e-02 1.676808e+04
3.471687e-02 1.655011e+04
3.520031e-02 1.633259e+04
3.569049e-02 1.611576e+04
3.618750e-02 1.589995e+04
3.669142e-02 1.568549e+04
3.720237e-02 1.547270e+04
3.772042e-02 1.526186e+04
3.824570e-02 1.505327e+04
3.877828e-02 1.484718e+04
3.931829e-02 1.464385e+04
3.986581e-02 1.444345e+04
4.042096e-02 1.424613e+04
4.098384e-02 1.405203e+04
4.155455e-02 1.386127e+04
4.213322e-02 1.367397e+04
4.271994e-02 1.349024e+04
4.331483e-02 1.331020e+04
4.391801e-02 1.313405e+04
4.452959e-02 1.296211e+04
4.514968e-02 1.279464e+04
4.577841e-02 1.263192e+04
4.641589e-02 1.247419e+04
4.706225e-02 1.232170e+04
4.771761e-02 1.217462e+04
4.838210e-02 1.203283e+04
4.905584e-02 1.189597e+04
4.973896e-02 1.176374e+04
5.043159e-02 1.163581e+04
5.113388e-02 1.151189e+04
5.184594e-02 1.139171e+04
5.256791e-02 1.127498e+04
5.329994e-02 1.116143e+04
5.404216e-02 1.105081e+04
5.479472e-02 1.094287e+04
5.555776e-02 1.083736e+04
5.633143e-02 1.073405e+04
5.711586e-02 1.063264e+04
5.791123e-02 1.053282e+04
5.871766e-02 1.043426e+04
5.953533e-02 1.033666e+04
6.036439e-02 1.023972e+04
6.120498e-02 1.014308e+04
6.205729e-02 1.004623e+04
6.292146e-02 9.948661e+03
6.379767e-02 9.849883e+03
6.468608e-02 9.749432e+03
6.558686e-02 9.646804e+03
6.650018e-02 9.541411e+03
6.742622e-02 9.432684e+03
6.836516e-02 9.320089e+03
6.931717e-02 9.203136e+03
7.028244e-02 9.081479e+03
7.126115e-02 8.954887e+03
7.225349e-02 8.823163e+03
7.325965e-02 8.686146e+03
7.427982e-02 8.543810e+03
7.531420e-02 8.396368e+03
7.636298e-02 8.244073e+03
7.742637e-02 8.087192e+03
7.850456e-02 7.926088e+03
7.959777e-02 7.761385e+03
8.070620e-02 7.593732e+03
8.183007e-02 7.423755e+03
8.296959e-02 7.252117e+03
8.412497e-02 7.079595e+03
8.529644e-02 6.906935e+03
8.648423e-02 6.734834e+03
8.768856e-02 6.564021e+03
8.890966e-02 6.395260e+03
9.014776e-02 6.229244e+03
9.140311e-02 6.066636e+03
9.267593e-02 5.908199e+03
9.396648e-02 5.754662e+03
9.527500e-02 5.606672e+03
9.660175e-02 5.464804e+03
9.794697e-02 5.329614e+03
9.931092e-02 5.201619e+03
1.006939e-01 5.081272e+03
1.020961e-01 4.968932e+03
1.035178e-01 4.864628e+03
1.049593e-01 4.768274e+03
1.064209e-01 4.679796e+03
1.079029e-01 4.598953e+03
1.094055e-01 4.525047e+03
1.109290e-01 4.457353e+03
1.124737e-01 4.395181e+03
1.140400e-01 4.337599e+03
1.156280e-01 4.283501e+03
1.172382e-01 4.231831e+03
1.188708e-01 4.181535e+03
1.205261e-01 4.131500e+03
1.222045e-01 4.080651e+03
1.239062e-01 4.027989e+03
1.256317e-01 3.972657e+03
1.273811e-01 3.913882e+03
1.291550e-01 3.850993e+03
1.309535e-01 3.783630e+03
1.327771e-01 3.711572e+03
1.346261e-01 3.634711e+03
1.365008e-01 3.553299e+03
1.384016e-01 3.467701e+03
1.403289e-01 3.378394e+03
1.422830e-01 3.286150e+03
1.442644e-01 3.191762e+03
1.462733e-01 3.096170e+03
1.483103e-01 3.000521e+03
1.503755e-01 2.905900e+03
1.524696e-01 2.813548e+03
1.545928e-01 2.724713e+03
1.567455e-01 2.640477e+03
1.589283e-01 2.561765e+03
1.611414e-01 2.489342e+03
1.633854e-01 2.423495e+03
1.656606e-01 2.364254e+03
1.679675e-01 2.311366e+03
1.703065e-01 2.264163e+03
1.726781e-01 2.221936e+03
1.750827e-01 2.183774e+03
1.775208e-01 2.148752e+03
1.799929e-01 2.115861e+03
1.824993e-01 2.084072e+03
1.850407e-01 2.052296e+03
1.876175e-01 2.019421e+03
1.902301e-01 1.984457e+03
1.928792e-01 1.946547e+03
1.955651e-01 1.905195e+03
1.982884e-01 1.860282e+03
2.010496e-01 1.812087e+03
2.038493e-01 1.761254e+03
2.066880e-01 1.708636e+03
2.095662e-01 1.655221e+03
2.124845e-01 1.602034e+03
2.154435e-01 1.550069e+03
2.184436e-01 1.500266e+03
2.214855e-01 1.453439e+03
2.245698e-01 1.410199e+03
2.276970e-01 1.370910e+03
2.308678e-01 1.335624e+03
2.340827e-01 1.304093e+03
2.373424e-01 1.275833e+03
2.406475e-01 1.250131e+03
2.439986e-01 1.226147e+03
2.473964e-01 1.202929e+03
2.508415e-01 1.179535e+03
2.543346e-01 1.155137e+03
2.578763e-01 1.129170e+03
2.614673e-01 1.101436e+03
2.651084e-01 1.072060e+03
2.688001e-01 1.041449e+03
2.725433e-01 1.010144e+03
2.763385e-01 9.787629e+02
2.801867e-01 9.479614e+02
2.840884e-01 9.184091e+02
2.880444e-01 8.906864e+02
2.920556e-01 8.651823e+02
2.961225e-01 8.419741e+02
3.002462e-01 8.208289e+02
3.044272e-01 8.013037e+02
3.086665e-01 7.828589e+02
3.129648e-01 7.649560e+02
3.173230e-01 7.470992e+02
3.217418e-01 7.288742e+02
3.262222e-01 7.100130e+02
3.307650e-01 6.904690e+02
3.353710e-01 6.704489e+02
3.400412e-01 6.503504e+02
3.447764e-01 6.306242e+02
3.495776e-01 6.116482e+02
3.544456e-01 5.936719e+02
3.593814e-01 5.768190e+02
3.643859e-01 5.610928e+02
3.694601e-01 5.463591e+02
3.746050e-01 5.323461e+02
3.798215e-01 5.187114e+02
3.851107e-01 5.051551e+02
3.904735e-01 4.915068e+02
3.959110e-01 4.777376e+02
4.014242e-01 4.639297e+02
4.070142e-01 4.502392e+02
4.126821e-01 4.368595e+02
4.184289e-01 4.239785e+02
4.242556e-01 4.117212e+02
4.301636e-01 4.000977e+02
4.361538e-01 3.890089e+02
4.422274e-01 3.783159e+02
4.483856e-01 3.678945e+02
4.546295e-01 3.576294e+02
4.609604e-01 3.474352e+02
4.673795e-01 3.373231e+02
4.738880e-01 3.273923e+02
4.804870e-01 3.177360e+02
4.871780e-01 3.084038e+02
4.939622e-01 2.994295e+02
5.008408e-01 2.908150e+02
5.078152e-01 2.825010e+02
5.148867e-01 2.744035e+02
5.220568e-01 2.664732e+02
5.293266e-01 2.586966e+02
5.366977e-01 2.510731e+02
5.441714e-01 2.436271e+02
5.517492e-01 2.364067e+02
5.594326e-01 2.294304e+02
5.672229e-01 2.226798e+02
5.751217e-01 2.161390e+02
5.831305e-01 2.097870e+02
5.912508e-01 2.035873e+02
5.994843e-01 1.975315e+02
6.078323e-01 1.916365e+02
6.162966e-01 1.859037e+02
6.248788e-01 1.803390e+02
6.335805e-01 1.749483e+02
6.424034e-01 1.697204e+02
6.513491e-01 1.646433e+02
6.604194e-01 1.597078e+02
6.696160e-01 1.549099e+02
6.789407e-01 1.502463e+02
6.883952e-01 1.457139e+02
6.979814e-01 1.413096e+02
7.077011e-01 1.370302e+02
7.175561e-01 1.328727e+02
7.275484e-01 1.288342e+02
7.376798e-01 1.249116e+02
7.479523e-01 1.211021e+02
7.583678e-01 1.174028e+02
7.689284e-01 1.138110e+02
7.796360e-01 1.103239e+02
7.904928e-01 1.069388e+02
8.015007e-01 1.036531e+02
8.126619e-01 1.004641e+02
8.239786e-01 9.736934e+01
8.354528e-01 9.436604e+01
8.470868e-01 9.145163e+01
8.588829e-01 8.862361e+01
8.708431e-01 8.587952e+01
8.829700e-01 8.321696e+01
8.952657e-01 8.063362e+01
9.077327e-01 7.812724e+01
9.203732e-01 7.569563e+01
9.331898e-01 7.333664e+01
9.461848e-01 7.104819e+01
9.593608e-01 6.882827e+01
9.727203e-01 6.667492e+01
9.862658e-01 6.458620e+01
1.000000e+00 6.256028e+01
1.013925e+00 6.059534e+01
1.028045e+00 5.868964e+01
1.042361e+00 5.684149e+01
1.056876e+00 5.504926e+01
1.071593e+00 5.331134e+01
1.086516e+00 5.162618e+01
1.101646e+00 4.999227e+01
1.116987e+00 4.840813e+01
1.132541e+00 4.687233e+01
1.148312e+00 4.538347e+01
1.164303e+00 4.394018e+01
1.180517e+00 4.254116e+01
1.196956e+00 4.118510e+01
1.213624e+00 3.987076e+01
1.230524e+00 3.859691e+01
1.247660e+00 3.736237e+01
1.265034e+00 3.616599e+01
1.282650e+00 3.500664e+01
1.300511e+00 3.388322e+01
1.318621e+00 3.279466e+01
1.336984e+00 3.173994e+01
1.355602e+00 3.071803e+01
1.374479e+00 2.972798e+01
1.393619e+00 2.876881e+01
1.413026e+00 2.783961e+01
1.432703e+00 2.693948e+01
1.452654e+00 2.606754e+01
1.472883e+00 2.522295e+01
1.493393e+00 2.440489e+01
1.514189e+00 2.361256e+01
1.535275e+00 2.284517e+01
1.556654e+00 2.210197e+01
1.578331e+00 2.138223e+01
1.600310e+00 2.068524e+01
1.622595e+00 2.001030e+01
1.645191e+00 1.935675e+01
1.668101e+00 1.872392e+01
1.691330e+00 1.811120e+01
1.714882e+00 1.751796e+01
1.738762e+00 1.694360e+01
1.762975e+00 1.638756e+01
1.787526e+00 1.584925e+01
1.812418e+00 1.532815e+01
1.837656e+00 1.482371e+01
1.863246e+00 1.433543e+01
1.889193e+00 1.386280e+01
1.915501e+00 1.340534e+01
1.942175e+00 1.296258e+01
1.969220e+00 1.253406e+01
1.996642e+00 1.211935e+01
2.024447e+00 1.171800e+01
2.052638e+00 1.132960e+01
2.081222e+00 1.095376e+01
2.110203e+00 1.059007e+01
2.139589e+00 1.023815e+01
2.169384e+00 9.897643e+00
2.199593e+00 9.568180e+00
2.230223e+00 9.249417e+00
2.261280e+00 8.941017e+00
2.292769e+00 8.642653e+00
2.324697e+00 8.354009e+00
2.357069e+00 8.074777e+00
2.389893e+00 7.804660e+00
2.423173e+00 7.543369e+00
2.456916e+00 7.290623e+00
2.491130e+00 7.046152e+00
2.525820e+00 6.809692e+00
2.560993e+00 6.580989e+00
2.596656e+00 6.359794e+00
2.632815e+00 6.145868e+00
2.669478e+00 5.938980e+00
2.706652e+00 5.738903e+00
2.744343e+00 5.545420e+00
2.782559e+00 5.358320e+00
2.821308e+00 5.177397e+00
2.860596e+00 5.002453e+00
2.900430e+00 4.833296e+00
2.940820e+00 4.669739e+00
2.981772e+00 4.511602e+00
3.023295e+00 4.358709e+00
3.065395e+00 4.210892e+00
3.108082e+00 4.067986e+00
3.151363e+00 3.929832e+00
3.195248e+00 3.796276e+00
3.239743e+00 3.667169e+00
3.284857e+00 3.542366e+00
3.330600e+00 3.421727e+00
3.376980e+00 3.305116e+00
3.424006e+00 3.192403e+00
3.471687e+00 3.083459e+00
3.520031e+00 2.978163e+00
3.569049e+00 2.876394e+00
3.618750e+00 2.778038e+00
3.669142e+00 2.682982e+00
3.720237e+00 2.591119e+00
3.772042e+00 2.502343e+00
3.824570e+00 2.416553e+00
3.877828e+00 2.333651e+00
3.931829e+00 2.253542e+00
3.986581e+00 2.176134e+00
4.042096e+00 2.101338e+00
4.098384e+00 2.029066e+00
4.155455e+00 1.959237e+00
4.213322e+00 1.891769e+00
4.271994e+00 1.826584e+00
4.331483e+00 1.763607e+00
4.391801e+00 1.702764e+00
4.452959e+00 1.643984e+00
4.514968e+00 1.587199e+00
4.577841e+00 1.532342e+00
4.641589e+00 1.479350e+00
4.706225e+00 1.428160e+00
4.771761e+00 1.378712e+00
4.838210e+00 1.330949e+00
4.905584e+00 1.284813e+00
4.973896e+00 1.240251e+00
5.043159e+00 1.197209e+00
5.113388e+00 1.155638e+00
5.184594e+00 1.115487e+00
5.256791e+00 1.076710e+00
5.329994e+00 1.039259e+00
5.404216e+00 1.003091e+00
5.479472e+00 9.681624e-01
5.555776e+00 9.344315e-01
5.633143e+00 9.018580e-01
5.711586e+00 8.704029e-01
5.791123e+00 8.400285e-01
5.871766e+00 8.106984e-01
5.953533e+00 7.823773e-01
6.036439e+00 7.550310e-01
6.120498e+00 7.286267e-01
6.205729e+00 7.031325e-01
6.292146e+00 6.785174e-01
6.379767e+00 6.547517e-01
6.468608e+00 6.318066e-01
6.558686e+00 6.096542e-01
6.650018e+00 5.882677e-01
6.742622e+00 5.676209e-01
6.836516e+00 5.476887e-01
6.931717e+00 5.284467e-01
7.028244e+00 5.098716e-01
7.126115e+00 4.919404e-01
7.225349e+00 4.746314e-01
7.325965e+00 4.579231e-01
7.427982e+00 4.417952e-01
7.531420e+00 4.262277e-01
7.636298e+00 4.112015e-01
7.742637e+00 3.966981e-01
7.850456e+00 3.826996e-01
7.959777e+00 3.691886e-01
8.070620e+00 3.561485e-01
8.183007e+00 3.435630e-01
8.296959e+00 3.314167e-01
8.412497e+00 3.196943e-01
8.529644e+00 3.083813e-01
8.648423e+00 2.974636e-01
8.768856e+00 2.869277e-01
8.890966e+00 2.767603e-01
9.014776e+00 2.669488e-01
9.140311e+00 2.574808e-01
9.267593e+00 2.483446e-01
9.396648e+00 2.395287e-01
9.527500e+00 2.310219e-01
9.660175e+00 2.228137e-01
9.794697e+00 2.148936e-01
9.931092e+00 2.072517e-01
1.006939e+01 1.998784e-01
1.020961e+01 1.927644e-01
1.035178e+01 1.859006e-01
1.049593e+01 1.792784e-01
1.064209e+01 1.728894e-01
1.079029e+01 1.667255e-01
1.094055e+01 1.607788e-01
1.109290e+01 1.550419e-01
1.124737e+01 1.495073e-01
1.140400e+01 1.441682e-01
1.156280e+01 1.390175e-01
1.172382e+01 1.340489e-01
1.188708e+01 1.292559e-01
1.205261e+01 1.246324e-01
1.222045e+01 1.201725e-01
1.239062e+01 1.158705e-01
1.256317e+01 1.117208e-01
1.273811e+01 1.077182e-01
1.291550e+01 1.038574e-01
1.309535e+01 1.001335e-01
1.327771e+01 9.654181e-02
1.346261e+01 9.307757e-02
1.365008e+01 8.973635e-02
1.384016e+01 8.651383e-02
1.403289e+01 8.340586e-02
1.422830e+01 8.040839e-02
1.442644e+01 7.751756e-02
1.462733e+01 7.472960e-02
1.483103e+01 7.204091e-02
1.503755e+01 6.944799e-02
1.524696e+01 6.694747e-02
1.545928e+01 6.453609e-02
1.567455e+01 6.221070e-02
1.589283e+01 5.996829e-02
1.611414e+01 5.780591e-02
1.633854e+01 5.572076e-02
1.656606e+01 5.371008e-02
1.679675e+01 5.177127e-02
1.703065e+01 4.990178e-02
1.726781e+01 4.809915e-02
1.750827e+01 4.636102e-02
1.775208e+01 4.468511e-02
1.799929e+01 4.306921e-02
1.824993e+01 4.151121e-02
1.850407e+01 4.000904e-02
1.876175e+01 3.856072e-02
1.902301e+01 3.716436e-02
1.928792e+01 3.581809e-02
1.955651e+01 3.452015e-02
1.982884e+01 3.326882e-02
2.010496e+01 3.206244e-02
2.038493e+01 3.089941e-02
2.066880e+01 2.977819e-02
2.095662e+01 2.869729e-02
2.124845e+01 2.765528e-02
2.154435e+01 2.665077e-02
2.184436e+01 2.568243e-02
2.214855e+01 2.474897e-02
2.245698e+01 2.384914e-02
2.276970e+01 2.298174e-02
2.308678e+01 2.214562e-02
2.340827e+01 2.133966e-02
2.373424e+01 2.056278e-02
2.406475e+01 1.981394e-02
2.439986e+01 1.909214e-02
2.473964e+01 1.839641e-02
2.508415e+01 1.772582e-02
2.543346e+01 1.707947e-02
2.578763e+01 1.645649e-02
2.614673e+01 1.585605e-02
2.651084e+01 1.527734e-02
2.688001e+01 1.471957e-02
2.725433e+01 1.418200e-02
2.763385e+01 1.366390e-02
2.801867e+01 1.316458e-02
2.840884e+01 1.268335e-02
2.880444e+01 1.221957e-02
2.920556e+01 1.177262e-02
2.961225e+01 1.134188e-02
3.002462e+01 1.092678e-02
3.044272e+01 1.052674e-02
3.086665e+01 1.014124e-02
3.129648e+01 9.769741e-03
3.173230e+01 9.411745e-03
3.217418e+01 9.066764e-03
3.262222e+01 8.734329e-03
3.307650e+01 8.413987e-03
3.353710e+01 8.105303e-03
3.400412e+01 7.807857e-03
3.447764e+01 7.521241e-03
3.495776e+01 7.245066e-03
3.544456e+01 6.978953e-03
3.593814e+01 6.722540e-03
3.643859e+01 6.475476e-03
3.694601e+01 6.237423e-03
3.746050e+01 6.008054e-03
3.798215e+01 5.787056e-03
3.851107e+01 5.574125e-03
3.904735e+01 5.368970e-03
3.959110e+01 5.171309e-03
4.014242e+01 4.980870e-03
4.070142e+01 4.797391e-03
4.126821e+01 4.620621e-03
4.184289e+01 4.450316e-03
4.242556e+01 4.286240e-03
4.301636e+01 4.128169e-03
4.361538e+01 3.975884e-03
4.422274e+01 3.829176e-03
4.483856e+01 3.687840e-03
4.546295e+01 3.551682e-03
4.609604e+01 3.420515e-03
4.673795e+01 3.294155e-03
4.738880e+01 3.172429e-03
4.804870e+01 3.055168e-03
4.871780e+01 2.942209e-03
4.939622e+01 2.833396e-03
5.008408e+01 2.728577e-03
5.078152e+01 2.627607e-03
5.148867e+01 2.530347e-03
5.220568e+01 2.436660e-03
5.293266e+01 2.346416e-03
5.366977e+01 2.259490e-03
5.441714e+01 2.175760e-03
5.517492e+01 2.095111e-03
5.594326e+01 2.017429e-03
5.672229e+01 1.942606e-03
5.751217e+01 1.870537e-03
5.831305e+01 1.801123e-03
5.912508e+01 1.734266e-03
5.994843e+01 1.669872e-03
6.078323e+01 1.607851e-03
6.162966e+01 1.548117e-03
6.248788e+01 1.490586e-03
6.335805e+01 1.435177e-03
6.424034e+01 1.381813e-03
6.513491e+01 1.330418e-03
6.604194e+01 1.280921e-03
6.696160e+01 1.233252e-03
6.789407e+01 1.187343e-03
6.883952e+01 1.143130e-03
6.979814e+01 1.100551e-03
7.077011e+01 1.059546e-03
7.175561e+01 1.020058e-03
7.275484e+01 9.820290e-04
7.376798e+01 9.454072e-04
7.479523e+01 9.101404e-04
7.583678e+01 8.761789e-04
7.689284e+01 8.434746e-04
7.796360e+01 8.119813e-04
7.904928e+01 7.816545e-04
8.015007e+01 7.524513e-04
8.126619e+01 7.243303e-04
8.239786e+01 6.972518e-04
8.354528e+01 6.711774e-04
8.470868e+01 6.460703e-04
8.588829e+01 6.218948e-04
8.708431e+01 5.986167e-04
8.829700e+01 5.762030e-04
8.952657e+01 5.546219e-04
9.077327e+01 5.338426e-04
9.203732e+01 5.138357e-04
9.331898e+01 4.945726e-04
9.461848e+01 4.760260e-04
9.593608e+01 4.581694e-04
9.727203e+01 4.409774e-04
9.862658e+01 4.244255e-04
1.000000e+02 4.084899e-04
